#additional runs to fill in some gaps
277510,V-foil_HF__T=300_K__Ei=3.2698048_meV,,2018-06-25T21:15:13.568008666,2018-06-25T21:53:54.037755666,833.456206994,833.456206994,3.2698048,82.852214766183252,42897.651059099997,45297.651059099997,300.345138027,300.287,300.409,0.0220481269457,300.345138027,300.287,300.409,0.0220481269457,-65.0,-65.0,-65.0,0.0,0.0,0.0,0.0,0.0,178.003969984,178.003969984,178.003969984,0.0,
277511,V-foil_HF__T=300_K__Ei=0.54_meV,,2018-06-25T21:54:35.287217666,2018-06-25T22:33:16.173625666,833.395325678,833.395325678,0.54,170.56860886816594,125535.375141,128935.375141,300.303898416,300.242,300.369,0.0214959179745,300.303898416,300.242,300.369,0.0214959179745,-65.0,-65.0,-65.0,0.0,0.0,0.0,0.0,0.0,178.003969984,178.003969984,178.003969984,0.0,
277512,V-foil_HF__T=300_K__Ei=4.5_meV,,2018-06-25T22:33:52.673150666,2018-06-25T23:12:57.675910666,833.4916625,833.4916625,4.5,72.926230150255989,35131.547024400003,38531.547024400003,300.261991724,300.19,300.371,0.0375543122469,300.261991724,300.19,300.371,0.0375543122469,-65.0,-65.0,-65.0,0.0,0.0,0.0,0.0,0.0,178.003969984,178.003969984,178.003969984,0.0,
277513,V-foil_HF__T=300_K__Ei=6.0_meV,,2018-06-25T23:13:48.641912666,2018-06-25T23:52:27.328349666,833.343141383,833.343141383,6.0,64.309983807406468,29833.333333300001,33233.333333299997,300.220781912,300.144,300.291,0.0233856446886,300.220781912,300.144,300.291,0.0233856446886,-65.0,-65.0,-65.0,0.0,0.0,0.0,0.0,0.0,178.003969984,178.003969984,178.003969984,0.0,
277514,V-foil_HF__T=300_K__Ei=7.9_meV,,2018-06-25T23:53:19.611001666,2018-06-26T00:32:02.380718666,833.462234719,833.462234719,7.9,55.993283408514301,25546.090558799999,28946.090558799999,300.185966054,300.125,300.227,0.0169023815639,300.185966054,300.125,300.227,0.0169023815639,-65.0,-65.0,-65.0,0.0,0.0,0.0,0.0,0.0,178.003969984,178.003969984,178.003969984,0.0,
277515,V-foil_AI__T=300_K__Ei=3.2698048_meV,,2018-06-26T00:37:16.693287666,2018-06-26T01:16:00.696320666,833.416010172,833.416010172,3.2698048,76.942214766183255,42897.651059099997,45297.651059099997,300.157437151,300.083,300.257,0.0353682576297,300.157437151,300.083,300.257,0.0353682576297,-65.0,-65.0,-65.0,0.0,0.0,0.0,0.0,0.0,178.003969984,178.003969984,178.003969984,0.0,
277516,V-foil_AI__T=300_K__Ei=0.54_meV,,2018-06-26T01:16:43.362431666,2018-06-26T01:55:28.165455666,833.51227825,833.51227825,0.54,164.65860886816594,125535.375141,128935.375141,300.105994855,300.039,300.172,0.0236122693232,300.105994855,300.039,300.172,0.0236122693232,-65.0,-65.0,-65.0,0.0,0.0,0.0,0.0,0.0,178.003969984,178.003969984,178.003969984,0.0,
277517,V-foil_AI__T=300_K__Ei=4.5_meV,,2018-06-26T01:56:06.781618666,2018-06-26T02:35:31.267458666,833.372458617,833.372458617,4.5,67.016230150255993,35131.547024400003,38531.547024400003,300.113033548,300.064,300.178,0.019786295658,300.113033548,300.064,300.178,0.019786295658,-65.0,-65.0,-65.0,0.0,0.0,0.0,0.0,0.0,178.003969984,178.003969984,178.003969984,0.0,
277518,V-foil_AI__T=300_K__Ei=6.0_meV,,2018-06-26T02:36:11.250270666,2018-06-26T03:15:02.486543666,833.342649078,833.342649078,6.0,58.399983807406471,29833.333333300001,33233.333333299997,300.137150602,300.078,300.187,0.0167461842473,300.137150602,300.078,300.187,0.0167461842473,-65.0,-65.0,-65.0,0.0,0.0,0.0,0.0,0.0,178.003969984,178.003969984,178.003969984,0.0,
277519,V-foil_AI__T=300_K__Ei=7.9_meV,,2018-06-26T03:15:41.219371666,2018-06-26T03:54:39.155558666,833.476278314,833.476278314,7.9,50.083283408514305,25546.090558799999,28946.090558799999,300.092114352,300.028,300.164,0.0207423876606,300.092114352,300.028,300.164,0.0207423876606,-65.0,-65.0,-65.0,0.0,0.0,0.0,0.0,0.0,178.003969984,178.003969984,178.003969984,0.0,
277520,V-foil_HR__T=300_K__Ei=3.2698048_meV,,2018-06-26T03:59:17.351931666,2018-06-26T04:48:08.380384666,833.402624303,833.402624303,3.2698048,76.942214766183255,42897.651059099997,45297.651059099997,300.096845525,300.04,300.165,0.0242110547508,300.096845525,300.04,300.165,0.0242110547508,-65.0,-65.0,-65.0,0.0,0.0,0.0,0.0,0.0,178.003969984,178.003969984,178.003969984,0.0,
277521,V-foil_HR__T=300_K__Ei=0.54_meV,,2018-06-26T04:48:49.479848666,2018-06-26T05:27:42.682762666,833.386765219,833.386765219,0.54,164.65860886816594,125535.375141,128935.375141,300.111666667,300.048,300.175,0.0228620807495,300.111666667,300.048,300.175,0.0228620807495,-65.0,-65.0,-65.0,0.0,0.0,0.0,0.0,0.0,178.003969984,178.003969984,178.003969984,0.0,
277522,V-foil_HR__T=300_K__Ei=4.5_meV,,2018-06-26T05:28:23.615562666,2018-06-26T06:07:17.401802666,833.442031228,833.442031228,4.5,67.016230150255993,35131.547024400003,38531.547024400003,300.164419176,300.076,300.222,0.0237112439068,300.164419176,300.076,300.222,0.0237112439068,-65.0,-65.0,-65.0,0.0,0.0,0.0,0.0,0.0,178.003969984,178.003969984,178.003969984,0.0,
277523,V-foil_HR__T=300_K__Ei=6.0_meV,,2018-06-26T06:07:57.617944666,2018-06-26T06:46:53.804153666,833.497131958,833.497131958,6.0,58.399983807406471,29833.333333300001,33233.333333299997,300.148902688,300.095,300.2,0.018264095505,300.148902688,300.095,300.2,0.018264095505,-65.0,-65.0,-65.0,0.0,0.0,0.0,0.0,0.0,178.003969984,178.003969984,178.003969984,0.0,
277524,V-foil_HR__T=300_K__Ei=7.9_meV,,2018-06-26T06:47:33.570301666,2018-06-26T07:31:44.335742666,833.492071406,833.492071406,7.9,50.083283408514305,25546.090558799999,28946.090558799999,300.161622067,300.106,300.215,0.018828657516,300.161622067,300.106,300.215,0.018828657516,-65.0,-65.0,-65.0,0.0,0.0,0.0,0.0,0.0,178.003969984,178.003969984,178.003969984,0.0,
277525,V-foil_HF__T=300_K__Ei=10_meV,,2018-06-26T07:32:24.701883666,2018-06-26T08:11:55.704304666,833.409861542,833.409861542,10.0,42.639579614021144,22266.698743699999,25666.698743699999,300.155091241,300.086,300.21,0.0216402418949,300.155091241,300.086,300.21,0.0216402418949,-65.0,-65.0,-65.0,0.0,0.0,0.0,0.0,0.0,178.003969984,178.003969984,178.003969984,0.0,
277526,V-foil_AI__T=300_K__Ei=10_meV,,2018-06-26T08:19:23.731796666,2018-06-26T08:58:38.484429666,833.351265044,833.351265044,10.0,42.639579614021144,22266.698743699999,25666.698743699999,300.161475814,300.098,300.217,0.0233426472896,300.161475814,300.098,300.217,0.0233426472896,-65.0,-65.0,-65.0,0.0,0.0,0.0,0.0,0.0,178.003969984,178.003969984,178.003969984,0.0,
277527,V-foil_HR__T=300_K__Ei=10_meV,,2018-06-26T09:02:01.531783666,2018-06-26T10:14:20.358548666,833.409408886,833.409408886,10.0,42.639579614021144,22266.698743699999,25666.698743699999,300.197325081,300.114,300.333,0.0517292550453,300.197325081,300.114,300.333,0.0517292550453,-65.0,-65.0,-65.0,0.0,0.0,0.0,0.0,0.0,178.003969984,178.003969984,178.003969984,0.0,
277528,V-foil_HF__T=300_K__Ei=11_meV,,2018-06-26T10:15:01.458012666,2018-06-26T10:54:07.644091666,833.347474517,833.347474517,11.0,39.495432019271192,21046.641465699999,24446.641465699999,300.169602205,300.106,300.239,0.0265459751421,300.169602205,300.106,300.239,0.0265459751421,-65.0,-65.0,-65.0,0.0,0.0,0.0,0.0,0.0,178.003969984,178.003969984,178.003969984,0.0,
277529,V-foil_AI__T=300_K__Ei=11_meV,,2018-06-26T11:01:31.371639666,2018-06-26T11:40:38.541038666,833.388197467,833.388197467,11.0,39.495432019271192,21046.641465699999,24446.641465699999,300.152307333,300.099,300.211,0.0163206109661,300.152307333,300.099,300.211,0.0163206109661,-65.0,-65.0,-65.0,0.0,0.0,0.0,0.0,0.0,178.003969984,178.003969984,178.003969984,0.0,
277530,V-foil_HR__T=300_K__Ei=11_meV,,2018-06-26T11:44:06.254996666,2018-06-26T12:47:17.805564666,345.219137792,345.219137792,11.0,39.495432019271192,21046.641465699999,24446.641465699999,300.173428858,300.05,300.324,0.0705542353872,300.173428858,300.05,300.324,0.0705542353872,-65.0,-65.0,-65.0,0.0,0.0,0.0,0.0,0.0,178.003969984,178.003969984,178.003969984,0.0,

#fill in runs for HF
277510,V-foil_HF__T=300_K__Ei=3.2698048_meV,,2018-06-25T21:15:13.568008666,2018-06-25T21:53:54.037755666,833.456206994,833.456206994,3.2698048,82.852214766183252,42897.651059099997,45297.651059099997,300.345138027,300.287,300.409,0.0220481269457,300.345138027,300.287,300.409,0.0220481269457,-65.0,-65.0,-65.0,0.0,0.0,0.0,0.0,0.0,178.003969984,178.003969984,178.003969984,0.0,
277511,V-foil_HF__T=300_K__Ei=0.54_meV,,2018-06-25T21:54:35.287217666,2018-06-25T22:33:16.173625666,833.395325678,833.395325678,0.54,170.56860886816594,125535.375141,128935.375141,300.303898416,300.242,300.369,0.0214959179745,300.303898416,300.242,300.369,0.0214959179745,-65.0,-65.0,-65.0,0.0,0.0,0.0,0.0,0.0,178.003969984,178.003969984,178.003969984,0.0,
277512,V-foil_HF__T=300_K__Ei=4.5_meV,,2018-06-25T22:33:52.673150666,2018-06-25T23:12:57.675910666,833.4916625,833.4916625,4.5,72.926230150255989,35131.547024400003,38531.547024400003,300.261991724,300.19,300.371,0.0375543122469,300.261991724,300.19,300.371,0.0375543122469,-65.0,-65.0,-65.0,0.0,0.0,0.0,0.0,0.0,178.003969984,178.003969984,178.003969984,0.0,
277513,V-foil_HF__T=300_K__Ei=6.0_meV,,2018-06-25T23:13:48.641912666,2018-06-25T23:52:27.328349666,833.343141383,833.343141383,6.0,64.309983807406468,29833.333333300001,33233.333333299997,300.220781912,300.144,300.291,0.0233856446886,300.220781912,300.144,300.291,0.0233856446886,-65.0,-65.0,-65.0,0.0,0.0,0.0,0.0,0.0,178.003969984,178.003969984,178.003969984,0.0,
277514,V-foil_HF__T=300_K__Ei=7.9_meV,,2018-06-25T23:53:19.611001666,2018-06-26T00:32:02.380718666,833.462234719,833.462234719,7.9,55.993283408514301,25546.090558799999,28946.090558799999,300.185966054,300.125,300.227,0.0169023815639,300.185966054,300.125,300.227,0.0169023815639,-65.0,-65.0,-65.0,0.0,0.0,0.0,0.0,0.0,178.003969984,178.003969984,178.003969984,0.0,
WRONG!!!! 277525,V-foil_HF__T=300_K__Ei=10_meV,,2018-06-26T07:32:24.701883666,2018-06-26T08:11:55.704304666,833.409861542,833.409861542,10.0,42.639579614021144,22266.698743699999,25666.698743699999,300.155091241,300.086,300.21,0.0216402418949,300.155091241,300.086,300.21,0.0216402418949,-65.0,-65.0,-65.0,0.0,0.0,0.0,0.0,0.0,178.003969984,178.003969984,178.003969984,0.0,
WRONG!!!! 277528,V-foil_HF__T=300_K__Ei=11_meV,,2018-06-26T10:15:01.458012666,2018-06-26T10:54:07.644091666,833.347474517,833.347474517,11.0,39.495432019271192,21046.641465699999,24446.641465699999,300.169602205,300.106,300.239,0.0265459751421,300.169602205,300.106,300.239,0.0265459751421,-65.0,-65.0,-65.0,0.0,0.0,0.0,0.0,0.0,178.003969984,178.003969984,178.003969984,0.0,
#additional run energies 11, 10, 7.9, 6.0, 4.5, 0.54
WRONG!!!! [277528, 277525, 277514, 277513, 277512, 277511]
#additional run energies 7.9, 6.0, 4.5, 0.54
[277514, 277513, 277512, 277511]

#fill in runs for AI
277515,V-foil_AI__T=300_K__Ei=3.2698048_meV,,2018-06-26T00:37:16.693287666,2018-06-26T01:16:00.696320666,833.416010172,833.416010172,3.2698048,76.942214766183255,42897.651059099997,45297.651059099997,300.157437151,300.083,300.257,0.0353682576297,300.157437151,300.083,300.257,0.0353682576297,-65.0,-65.0,-65.0,0.0,0.0,0.0,0.0,0.0,178.003969984,178.003969984,178.003969984,0.0,
277516,V-foil_AI__T=300_K__Ei=0.54_meV,,2018-06-26T01:16:43.362431666,2018-06-26T01:55:28.165455666,833.51227825,833.51227825,0.54,164.65860886816594,125535.375141,128935.375141,300.105994855,300.039,300.172,0.0236122693232,300.105994855,300.039,300.172,0.0236122693232,-65.0,-65.0,-65.0,0.0,0.0,0.0,0.0,0.0,178.003969984,178.003969984,178.003969984,0.0,
277517,V-foil_AI__T=300_K__Ei=4.5_meV,,2018-06-26T01:56:06.781618666,2018-06-26T02:35:31.267458666,833.372458617,833.372458617,4.5,67.016230150255993,35131.547024400003,38531.547024400003,300.113033548,300.064,300.178,0.019786295658,300.113033548,300.064,300.178,0.019786295658,-65.0,-65.0,-65.0,0.0,0.0,0.0,0.0,0.0,178.003969984,178.003969984,178.003969984,0.0,
277518,V-foil_AI__T=300_K__Ei=6.0_meV,,2018-06-26T02:36:11.250270666,2018-06-26T03:15:02.486543666,833.342649078,833.342649078,6.0,58.399983807406471,29833.333333300001,33233.333333299997,300.137150602,300.078,300.187,0.0167461842473,300.137150602,300.078,300.187,0.0167461842473,-65.0,-65.0,-65.0,0.0,0.0,0.0,0.0,0.0,178.003969984,178.003969984,178.003969984,0.0,
277519,V-foil_AI__T=300_K__Ei=7.9_meV,,2018-06-26T03:15:41.219371666,2018-06-26T03:54:39.155558666,833.476278314,833.476278314,7.9,50.083283408514305,25546.090558799999,28946.090558799999,300.092114352,300.028,300.164,0.0207423876606,300.092114352,300.028,300.164,0.0207423876606,-65.0,-65.0,-65.0,0.0,0.0,0.0,0.0,0.0,178.003969984,178.003969984,178.003969984,0.0,
277526,V-foil_AI__T=300_K__Ei=10_meV,,2018-06-26T08:19:23.731796666,2018-06-26T08:58:38.484429666,833.351265044,833.351265044,10.0,42.639579614021144,22266.698743699999,25666.698743699999,300.161475814,300.098,300.217,0.0233426472896,300.161475814,300.098,300.217,0.0233426472896,-65.0,-65.0,-65.0,0.0,0.0,0.0,0.0,0.0,178.003969984,178.003969984,178.003969984,0.0,
277529,V-foil_AI__T=300_K__Ei=11_meV,,2018-06-26T11:01:31.371639666,2018-06-26T11:40:38.541038666,833.388197467,833.388197467,11.0,39.495432019271192,21046.641465699999,24446.641465699999,300.152307333,300.099,300.211,0.0163206109661,300.152307333,300.099,300.211,0.0163206109661,-65.0,-65.0,-65.0,0.0,0.0,0.0,0.0,0.0,178.003969984,178.003969984,178.003969984,0.0,
#additional run energies 11, 10, 7.9, 6.0, 4.5, 0.54
[277529, 277526, 277519, 277518, 277517, 277516]

#fill in runs for HR
277520,V-foil_HR__T=300_K__Ei=3.2698048_meV,,2018-06-26T03:59:17.351931666,2018-06-26T04:48:08.380384666,833.402624303,833.402624303,3.2698048,76.942214766183255,42897.651059099997,45297.651059099997,300.096845525,300.04,300.165,0.0242110547508,300.096845525,300.04,300.165,0.0242110547508,-65.0,-65.0,-65.0,0.0,0.0,0.0,0.0,0.0,178.003969984,178.003969984,178.003969984,0.0,
277521,V-foil_HR__T=300_K__Ei=0.54_meV,,2018-06-26T04:48:49.479848666,2018-06-26T05:27:42.682762666,833.386765219,833.386765219,0.54,164.65860886816594,125535.375141,128935.375141,300.111666667,300.048,300.175,0.0228620807495,300.111666667,300.048,300.175,0.0228620807495,-65.0,-65.0,-65.0,0.0,0.0,0.0,0.0,0.0,178.003969984,178.003969984,178.003969984,0.0,
277522,V-foil_HR__T=300_K__Ei=4.5_meV,,2018-06-26T05:28:23.615562666,2018-06-26T06:07:17.401802666,833.442031228,833.442031228,4.5,67.016230150255993,35131.547024400003,38531.547024400003,300.164419176,300.076,300.222,0.0237112439068,300.164419176,300.076,300.222,0.0237112439068,-65.0,-65.0,-65.0,0.0,0.0,0.0,0.0,0.0,178.003969984,178.003969984,178.003969984,0.0,
277523,V-foil_HR__T=300_K__Ei=6.0_meV,,2018-06-26T06:07:57.617944666,2018-06-26T06:46:53.804153666,833.497131958,833.497131958,6.0,58.399983807406471,29833.333333300001,33233.333333299997,300.148902688,300.095,300.2,0.018264095505,300.148902688,300.095,300.2,0.018264095505,-65.0,-65.0,-65.0,0.0,0.0,0.0,0.0,0.0,178.003969984,178.003969984,178.003969984,0.0,
277524,V-foil_HR__T=300_K__Ei=7.9_meV,,2018-06-26T06:47:33.570301666,2018-06-26T07:31:44.335742666,833.492071406,833.492071406,7.9,50.083283408514305,25546.090558799999,28946.090558799999,300.161622067,300.106,300.215,0.018828657516,300.161622067,300.106,300.215,0.018828657516,-65.0,-65.0,-65.0,0.0,0.0,0.0,0.0,0.0,178.003969984,178.003969984,178.003969984,0.0,
277527,V-foil_HR__T=300_K__Ei=10_meV,,2018-06-26T09:02:01.531783666,2018-06-26T10:14:20.358548666,833.409408886,833.409408886,10.0,42.639579614021144,22266.698743699999,25666.698743699999,300.197325081,300.114,300.333,0.0517292550453,300.197325081,300.114,300.333,0.0517292550453,-65.0,-65.0,-65.0,0.0,0.0,0.0,0.0,0.0,178.003969984,178.003969984,178.003969984,0.0,
277530,V-foil_HR__T=300_K__Ei=11_meV,,2018-06-26T11:44:06.254996666,2018-06-26T12:47:17.805564666,345.219137792,345.219137792,11.0,39.495432019271192,21046.641465699999,24446.641465699999,300.173428858,300.05,300.324,0.0705542353872,300.173428858,300.05,300.324,0.0705542353872,-65.0,-65.0,-65.0,0.0,0.0,0.0,0.0,0.0,178.003969984,178.003969984,178.003969984,0.0,
#additional run energies 11, 10, 7.9, 6.0, 4.5, 0.54
[277530, 277527, 277524, 277523, 277522, 277521]


#example of energies list in initial run
284652,V-foil_HF__300Hz__T=300_K__Ei=81.74512_meV,,2018-07-24T21:29:59.639768666,2018-07-24T21:38:26.566492666,27.876875575,27.876875575,81.74512,-65.084627765283784,5000,15000,0.0,0.0,0.0,0.0,0.0,0.0,0.0,0.0,-48.0,-48.0,-48.0,0.0,0.0,0.0,0.0,0.0,0.0,0.0,0.0,0.0,
284653,V-foil_HF__300Hz__T=300_K__Ei=36.3311644444_meV,,2018-07-24T21:39:18.299151666,2018-07-24T21:40:54.064569666,27.8238385528,27.8238385528,36.3311644444,-6.8739389626580873,9804.2953177399995,13204.2953177,0.0,0.0,0.0,0.0,0.0,0.0,0.0,0.0,-48.0,-48.0,-48.0,0.0,0.0,0.0,0.0,0.0,0.0,0.0,0.0,0.0,
284654,V-foil_HF__300Hz__T=300_K__Ei=20.43628_meV,,2018-07-24T21:41:45.113904666,2018-07-24T21:43:03.079554666,27.8143550333,27.8143550333,20.43628,21.958742023176441,13166.666666700001,16566.666666699999,0.0,0.0,0.0,0.0,0.0,0.0,0.0,0.0,-48.0,-48.0,-48.0,0.0,0.0,0.0,0.0,0.0,0.0,0.0,0.0,0.0,
284655,V-foil_HF__300Hz__T=300_K__Ei=13.0792192_meV,,2018-07-24T21:43:55.212207666,2018-07-24T21:45:13.344522666,27.8634260028,27.8634260028,13.0792192,39.433444282654506,18973.825529599999,22373.825529599999,0.0,0.0,0.0,0.0,0.0,0.0,0.0,0.0,-48.0,-48.0,-48.0,0.0,0.0,0.0,0.0,0.0,0.0,0.0,0.0,0.0,
284656,V-foil_HF__300Hz__T=300_K__Ei=9.08279111111_meV,,2018-07-24T21:46:06.943823666,2018-07-24T21:47:24.876140666,27.8250250194,27.8250250194,9.08279111111,51.637824521161534,23558.590635500001,26958.590635500001,0.0,0.0,0.0,0.0,0.0,0.0,0.0,0.0,-48.0,-48.0,-48.0,0.0,0.0,0.0,0.0,0.0,0.0,0.0,0.0,0.0,
284657,V-foil_HF__300Hz__T=300_K__Ei=6.67307102041_meV,,2018-07-24T21:48:13.108845666,2018-07-24T21:49:31.157827666,27.8091469861,27.8091469861,6.67307102041,61.123669224674771,28143.355741399999,31543.355741399999,0.0,0.0,0.0,0.0,0.0,0.0,0.0,0.0,-48.0,-48.0,-48.0,0.0,0.0,0.0,0.0,0.0,0.0,0.0,0.0,0.0,
284658,V-foil_HF__300Hz__T=300_K__Ei=5.10907_meV,,2018-07-24T21:50:22.390493666,2018-07-24T21:51:40.372810666,27.7942692194,27.7942692194,5.10907,69.110660137588866,45101.618070199998,48501.618070199998,0.0,0.0,0.0,0.0,0.0,0.0,0.0,0.0,-48.0,-48.0,-48.0,0.0,0.0,0.0,0.0,0.0,0.0,0.0,0.0,0.0,
284659,V-foil_HF__300Hz__T=300_K__Ei=4.03679604938_meV,,2018-07-24T21:52:33.105455666,2018-07-24T21:53:50.554446666,27.7763405444,27.7763405444,4.03679604938,76.235556531519208,37312.885953199999,40712.885953199999,0.0,0.0,0.0,0.0,0.0,0.0,0.0,0.0,-48.0,-48.0,-48.0,0.0,0.0,0.0,0.0,0.0,0.0,0.0,0.0,0.0,
284660,V-foil_HF__300Hz__T=300_K__Ei=3.2698048_meV,,2018-07-24T21:54:47.070376666,2018-07-24T21:56:05.469353666,27.8980894028,27.8980894028,3.2698048,82.852214766183252,42897.651059099997,45297.651059099997,0.0,0.0,0.0,0.0,0.0,0.0,0.0,0.0,-48.0,-48.0,-48.0,0.0,0.0,0.0,0.0,0.0,0.0,0.0,0.0,0.0,
284661,V-foil_HF__300Hz__T=300_K__Ei=2.70231801653_meV,,2018-07-24T21:56:55.002041666,2018-07-24T21:58:13.051023666,27.8190629222,27.8190629222,2.70231801653,89.165836414750601,47482.416165000002,49882.416165000002,0.0,0.0,0.0,0.0,0.0,0.0,0.0,0.0,-48.0,-48.0,-48.0,0.0,0.0,0.0,0.0,0.0,0.0,0.0,0.0,0.0,
284662,V-foil_HF__300Hz__T=300_K__Ei=2.27069777778_meV,,2018-07-24T21:59:06.283662666,2018-07-24T22:00:24.549309666,27.8557236722,27.8557236722,2.27069777778,95.299836925905083,52067.181270900001,54467.181270900001,0.0,0.0,0.0,0.0,0.0,0.0,0.0,0.0,-48.0,-48.0,-48.0,0.0,0.0,0.0,0.0,0.0,0.0,0.0,0.0,0.0,
284663,V-foil_HF__300Hz__T=300_K__Ei=1.93479573964_meV,,2018-07-24T22:01:17.198623666,2018-07-24T22:02:35.180939666,27.8070125611,27.8070125611,1.93479573964,101.32960705250562,70238.046030900005,73638.046030900005,0.0,0.0,0.0,0.0,0.0,0.0,0.0,0.0,-48.0,-48.0,-48.0,0.0,0.0,0.0,0.0,0.0,0.0,0.0,0.0,0.0,
284664,V-foil_HF__300Hz__T=300_K__Ei=1.6682677551_meV,,2018-07-24T22:03:26.996930666,2018-07-24T22:04:45.412575666,27.9227191583,27.9227191583,1.6682677551,107.30209868632919,75265.331623000005,78665.331623000005,0.0,0.0,0.0,0.0,0.0,0.0,0.0,0.0,-48.0,-48.0,-48.0,0.0,0.0,0.0,0.0,0.0,0.0,0.0,0.0,0.0,
284665,V-foil_HF__300Hz__T=300_K__Ei=1.45324657778_meV,,2018-07-24T22:05:37.178566666,2018-07-24T22:06:55.560878666,27.9133635194,27.9133635194,1.45324657778,113.24629219215764,79833.333333300005,83233.333333300005,0.0,0.0,0.0,0.0,0.0,0.0,0.0,0.0,-48.0,-48.0,-48.0,0.0,0.0,0.0,0.0,0.0,0.0,0.0,0.0,0.0,
284666,V-foil_HF__300Hz__T=300_K__Ei=1.2772675_meV,,2018-07-24T22:07:44.993567666,2018-07-24T22:09:03.325879666,27.9273111583,27.9273111583,1.2772675,119.18030752952114,85319.902807199993,88719.902807199993,0.0,0.0,0.0,0.0,0.0,0.0,0.0,0.0,-48.0,-48.0,-48.0,0.0,0.0,0.0,0.0,0.0,0.0,0.0,0.0,0.0,
284667,V-foil_HF__300Hz__T=300_K__Ei=1.13142034602_meV,,2018-07-24T22:09:56.825181666,2018-07-24T22:11:15.240826666,27.9075558083,27.9075558083,1.13142034602,125.11501273652001,90347.188399299994,93747.188399299994,0.0,0.0,0.0,0.0,0.0,0.0,0.0,0.0,-48.0,-48.0,-48.0,0.0,0.0,0.0,0.0,0.0,0.0,0.0,0.0,0.0,
284668,V-foil_HF__300Hz__T=300_K__Ei=1.00919901235_meV,,2018-07-24T22:12:13.173404666,2018-07-24T22:13:31.605715666,27.823227925,27.823227925,1.00919901235,131.05633867945767,95242.438572900006,98642.438572900006,0.0,0.0,0.0,0.0,0.0,0.0,0.0,0.0,-48.0,-48.0,-48.0,0.0,0.0,0.0,0.0,0.0,0.0,0.0,0.0,0.0,
284669,V-foil_HF__300Hz__T=300_K__Ei=0.905763102493_meV,,2018-07-24T22:14:23.238374666,2018-07-24T22:15:41.720685666,27.9296183528,27.9296183528,0.905763102493,137.00777720730312,96500,99900,0.0,0.0,0.0,0.0,0.0,0.0,0.0,0.0,-48.0,-48.0,-48.0,0.0,0.0,0.0,0.0,0.0,0.0,0.0,0.0,0.0,
284670,V-foil_HF__300Hz__T=300_K__Ei=0.8174512_meV,,2018-07-24T22:16:35.086656666,2018-07-24T22:17:53.035640666,27.7892167389,27.7892167389,0.8174512,142.97037782576479,104411.968785,107811.968785,0.0,0.0,0.0,0.0,0.0,0.0,0.0,0.0,-48.0,-48.0,-48.0,0.0,0.0,0.0,0.0,0.0,0.0,0.0,0.0,0.0,
284671,V-foil_HF__300Hz__T=300_K__Ei=0.741452335601_meV,,2018-07-24T22:18:42.318330666,2018-07-24T22:20:00.733975666,27.8990532417,27.8990532417,0.741452335601,148.94415496697371,108996.733891,112396.733891,0.0,0.0,0.0,0.0,0.0,0.0,0.0,0.0,-48.0,-48.0,-48.0,0.0,0.0,0.0,0.0,0.0,0.0,0.0,0.0,0.0,
